2 0.33671875 0.15859375 0.015625 0.02421875
2 0.5609375 0.58671875 0.0515625 0.109375
2 0.4140625 0.7828125 0.071875 0.15390625
2 0.50390625 0.41328125 0.05546875 0.08359375
2 0.41328125 0.44609375 0.03671875 0.078125
2 0.43046875 0.190625 0.01796875 0.02421875
2 0.4171875 0.20546875 0.0234375 0.03359375
2 0.38125 0.17421875 0.0171875 0.02421875
2 0.4109375 0.1609375 0.01640625 0.0203125
2 0.3921875 0.13359375 0.01640625 0.0203125
2 0.3765625 0.13359375 0.0140625 0.02265625
2 0.3546875 0.1375 0.01484375 0.02109375
2 0.334375 0.1265625 0.01484375 0.02109375
2 0.26015625 0.1953125 0.02265625 0.03046875
2 0.11171875 0.30703125 0.06640625 0.0359375
2 0.1109375 0.28671875 0.06640625 0.0375
2 0.11796875 0.27109375 0.0515625 0.03203125
2 0.125 0.26171875 0.06328125 0.03828125
3 0.27109375 0.28203125 0.02421875 0.025
2 0.175 0.47890625 0.05625 0.0921875
3 0.4828125 0.2671875 0.02265625 0.03515625
3 0.49765625 0.21015625 0.02578125 0.028125
3 0.540625 0.215625 0.02265625 0.02890625