2 0.46484375 0.23671875 0.01953125 0.03046875
2 0.459375 0.18125 0.015625 0.02578125
3 0.7109375 0.8984375 0.03515625 0.1046875
3 0.43671875 0.19296875 0.00703125 0.021875
3 0.4515625 0.12890625 0.00390625 0.0125
2 0.47578125 0.140625 0.0125 0.01640625
2 0.48671875 0.12265625 0.00859375 0.01796875
2 0.47109375 0.11953125 0.009375 0.01484375
2 0.45859375 0.159375 0.0140625 0.02109375
2 0.4796875 0.61171875 0.0546875 0.14375
2 0.478125 0.4671875 0.0375 0.071875
2 0.41875 0.47265625 0.040625 0.071875
2 0.47109375 0.35546875 0.02890625 0.053125
2 0.55078125 0.3234375 0.028125 0.0375
2 0.42890625 0.3890625 0.03203125 0.06796875
2 0.4328125 0.33203125 0.028125 0.05703125
2 0.4671875 0.2890625 0.02578125 0.05078125
2 0.43125 0.290625 0.025 0.040625
2 0.4359375 0.24609375 0.01875 0.02578125
2 0.88515625 0.30078125 0.03046875 0.0328125
4 0.9015625 0.309375 0.00625 0.0265625
4 0.91640625 0.30859375 0.00625 0.02890625
2 0.91328125 0.3 0.03125 0.0359375
4 0.35625 0.66015625 0.01484375 0.06640625
4 0.34921875 0.709375 0.015625 0.06875
4 0.31484375 0.66796875 0.01640625 0.05703125
4 0.2890625 0.62890625 0.01796875 0.06484375
4 0.34296875 0.62890625 0.0140625 0.0609375
4 0.3328125 0.61953125 0.0140625 0.04921875
4 0.3109375 0.59296875 0.0125 0.053125
4 0.228125 0.48515625 0.01953125 0.05078125
4 0.13203125 0.378125 0.0125 0.02578125
4 0.8359375 0.91015625 0.0265625 0.08203125
4 0.8640625 0.921875 0.02578125 0.05625
4 0.3375 0.6875 0.01953125 0.06875
2 0.43984375 0.1265625 0.009375 0.01484375
2 0.475 0.103125 0.00703125 0.015625
2 0.3125 0.378125 0.0734375 0.06171875
3 0.81171875 0.8328125 0.06015625 0.10625
3 0.80859375 0.67734375 0.05078125 0.10234375
3 0.790625 0.61640625 0.05 0.07109375
3 0.725 0.5984375 0.0609375 0.08203125