2 0.4875 0.16171875 0.0140625 0.0234375
2 0.46875 0.2 0.0171875 0.0375
2 0.46953125 0.23203125 0.01953125 0.028125
2 0.60078125 0.69765625 0.078125 0.1296875
2 0.46875 0.47890625 0.04140625 0.0890625
2 0.47265625 0.26171875 0.0234375 0.04140625
2 0.46953125 0.64140625 0.05703125 0.13828125
4 0.23125 0.5390625 0.01484375 0.0390625
4 0.4140625 0.21640625 0.00625 0.021875
2 0.9234375 0.303125 0.034375 0.0359375
2 0.3953125 0.56875 0.05234375 0.15078125
2 0.48125 0.38125 0.03359375 0.0703125
2 0.465625 0.3359375 0.03046875 0.059375
2 0.4765625 0.29609375 0.028125 0.05703125
3 0.1671875 0.49921875 0.04140625 0.05234375
2 0.328125 0.49921875 0.09921875 0.071875
3 0.525 0.18203125 0.0078125 0.0203125
4 0.7890625 0.84765625 0.02890625 0.08125
4 0.834375 0.87109375 0.02578125 0.0875
4 0.8625 0.93359375 0.02265625 0.03671875
4 0.21171875 0.47578125 0.01328125 0.05234375
4 0.34140625 0.6234375 0.01484375 0.04140625
4 0.3390625 0.59609375 0.01015625 0.0375
4 0.3328125 0.590625 0.009375 0.0390625
4 0.334375 0.62578125 0.0140625 0.0578125
4 0.33359375 0.5796875 0.0125 0.0390625
4 0.30234375 0.60625 0.02109375 0.0640625
4 0.32421875 0.71328125 0.01640625 0.0703125
4 0.3328125 0.721875 0.01953125 0.0765625
4 0.34765625 0.68125 0.01875 0.0609375
4 0.34375 0.64453125 0.0125 0.0484375
4 0.40078125 0.334375 0.00859375 0.0328125
4 0.303125 0.3796875 0.0125 0.04296875
2 0.325 0.3671875 0.08828125 0.065625
3 0.34453125 0.52890625 0.03984375 0.05625
3 0.434375 0.365625 0.01171875 0.046875
3 0.43046875 0.33046875 0.0109375 0.0390625
3 0.434375 0.3046875 0.009375 0.0359375
3 0.42421875 0.2890625 0.009375 0.03203125
3 0.44453125 0.2734375 0.009375 0.03203125
3 0.45546875 0.2453125 0.00859375 0.0296875
3 0.4390625 0.23671875 0.00703125 0.02578125
3 0.453125 0.10859375 0.00390625 0.0109375
2 0.425 0.15859375 0.01796875 0.02265625
2 0.46640625 0.1390625 0.0125 0.0203125
2 0.46640625 0.153125 0.01484375 0.01796875
2 0.465625 0.16875 0.01484375 0.0234375
2 0.46484375 0.1109375 0.0109375 0.01640625
2 0.44609375 0.134375 0.0125 0.01796875
2 0.4453125 0.1609375 0.01328125 0.02109375
2 0.4546875 0.18359375 0.01796875 0.028125
2 0.503125 0.15703125 0.0125 0.021875
3 0.69296875 0.53984375 0.05703125 0.06484375
3 0.678125 0.48984375 0.04140625 0.05703125
3 0.7890625 0.596875 0.059375 0.0796875
3 0.82265625 0.67421875 0.0671875 0.09609375
3 0.8296875 0.81875 0.034375 0.10703125