3 0.82578125 0.53359375 0.0328125 0.0375
3 0.69296875 0.415625 0.0265625 0.028125
3 0.67421875 0.4125 0.028125 0.03125
3 0.95703125 0.6515625 0.04375 0.05
2 0.75859375 0.3109375 0.05625 0.04140625
0 0.80234375 0.31015625 0.015625 0.0203125
4 0.315625 0.89296875 0.0234375 0.075
4 0.20234375 0.8 0.021875 0.07109375
2 0.021875 0.4578125 0.04296875 0.0390625
2 0.48671875 0.24375 0.01953125 0.03203125
2 0.51484375 0.26796875 0.02109375 0.0328125
3 0.55625 0.41796875 0.0125 0.0390625
3 0.59375 0.70703125 0.0234375 0.06328125
2 0.55390625 0.84296875 0.08203125 0.178125
2 0.50546875 0.3734375 0.0296875 0.046875
2 0.4640625 0.19921875 0.015625 0.02421875
2 0.4484375 0.27421875 0.01953125 0.0328125
2 0.4890625 0.096875 0.009375 0.01953125
5 0.44140625 0.15859375 0.01875 0.0359375
2 0.684375 0.36171875 0.0390625 0.0453125
2 0.77421875 0.325 0.04921875 0.0375
2 0.8015625 0.3546875 0.05 0.0421875
2 0.734375 0.4171875 0.053125 0.07265625