4 0.50390625 0.63984375 0.01796875 0.06171875
4 0.278125 0.61171875 0.01640625 0.06171875
4 0.28984375 0.603125 0.015625 0.05625
4 0.25625 0.6390625 0.015625 0.028125
4 0.13125 0.365625 0.01015625 0.02578125
2 0.54375 0.47734375 0.04375 0.06875
2 0.48125 0.53046875 0.04375 0.09296875
2 0.39453125 0.5359375 0.04765625 0.10703125
2 0.39375 0.4484375 0.05078125 0.1046875
2 0.47265625 0.41796875 0.034375 0.08984375
2 0.4390625 0.39140625 0.03125 0.06640625
2 0.465625 0.3 0.02734375 0.05390625
2 0.471875 0.35546875 0.028125 0.046875
2 0.53125 0.2578125 0.02265625 0.03125
2 0.496875 0.2453125 0.02265625 0.0421875
2 0.88671875 0.29453125 0.03125 0.034375
2 0.915625 0.29453125 0.0328125 0.0359375
2 0.43671875 0.1546875 0.0140625 0.028125
2 0.45 0.1265625 0.01171875 0.01875
2 0.4765625 0.14453125 0.0125 0.01796875
2 0.47578125 0.13125 0.0125 0.0171875
2 0.4734375 0.11328125 0.01171875 0.01875
2 0.31015625 0.365625 0.07421875 0.0625
2 0.45625 0.115625 0.01015625 0.0203125
3 0.4890625 0.12578125 0.00390625 0.0109375
3 0.49765625 0.48515625 0.0171875 0.06015625
3 0.4296875 0.59296875 0.01953125 0.0640625
3 0.421875 0.3703125 0.0125 0.0453125
3 0.634375 0.70859375 0.0234375 0.078125
4 0.30859375 0.63125 0.0140625 0.06171875
4 0.69140625 0.5828125 0.01484375 0.0609375
4 0.8578125 0.9125 0.03046875 0.078125
4 0.82734375 0.9046875 0.02578125 0.0890625
4 0.43359375 0.6703125 0.021875 0.071875
4 0.37578125 0.6484375 0.0125 0.065625
4 0.3546875 0.578125 0.01328125 0.0578125
4 0.33828125 0.6125 0.01640625 0.05859375
4 0.328125 0.609375 0.0125 0.053125
4 0.32890625 0.71484375 0.02421875 0.071875
4 0.33125 0.690625 0.02109375 0.06484375
4 0.31875 0.709375 0.01875 0.06953125
4 0.31875 0.63984375 0.01796875 0.05859375