2 0.51484375 0.39375 0.02734375 0.04453125
3 0.49609375 0.16328125 0.00625 0.01640625
3 0.4953125 0.18359375 0.00625 0.01875
3 0.43203125 0.29609375 0.0078125 0.03125
3 0.4140625 0.50390625 0.01328125 0.05078125
2 0.5765625 0.68359375 0.06328125 0.0984375
3 0.66875 0.7171875 0.021875 0.0625
2 0.22734375 0.6078125 0.09375 0.0765625
4 0.30625 0.88828125 0.028125 0.071875
3 0.9546875 0.6484375 0.03828125 0.04921875
3 0.82265625 0.53046875 0.0359375 0.03671875
3 0.68984375 0.41484375 0.021875 0.0296875
3 0.67265625 0.4078125 0.0296875 0.03515625
0 0.80078125 0.30859375 0.01875 0.02421875
2 0.79921875 0.353125 0.0484375 0.04140625
2 0.68203125 0.359375 0.03984375 0.0453125
2 0.7328125 0.41484375 0.05234375 0.0703125
2 0.77109375 0.32421875 0.04765625 0.0359375
2 0.75703125 0.30703125 0.0546875 0.0375
3 0.46171875 0.4890625 0.02578125 0.0671875