0 0.52578125 0.21484375 0.00625 0.02265625
2 0.41328125 0.7171875 0.05703125 0.1875
4 0.3578125 0.840625 0.01796875 0.07265625
4 0.3734375 0.8984375 0.02578125 0.07890625
5 0.46875 0.2015625 0.01796875 0.0453125
2 0.515625 0.15703125 0.0125 0.021875
2 0.48515625 0.15234375 0.0140625 0.02421875
2 0.5078125 0.12734375 0.0109375 0.02109375
2 0.51171875 0.0953125 0.0078125 0.01875
5 0.44921875 0.1578125 0.01796875 0.03125
3 0.440625 0.21953125 0.0078125 0.021875
2 0.3171875 0.7 0.090625 0.0953125
3 0.9703125 0.65390625 0.04140625 0.046875
2 0.8109375 0.353125 0.05078125 0.0453125
2 0.7828125 0.32421875 0.04765625 0.0375
2 0.76953125 0.30703125 0.05625 0.0390625
0 0.8109375 0.3078125 0.01328125 0.01640625
2 0.74375 0.4140625 0.053125 0.06953125
2 0.6921875 0.35703125 0.0375 0.04296875
3 0.70078125 0.41171875 0.02421875 0.02890625
3 0.68046875 0.40546875 0.02734375 0.0296875
3 0.83515625 0.53203125 0.03359375 0.0375
2 0.52421875 0.653125 0.0640625 0.13671875