2 0.4515625 0.32421875 0.02265625 0.0390625
3 0.68046875 0.4046875 0.028125 0.03046875
2 0.3515625 0.6203125 0.1 0.084375
2 0.36015625 0.51640625 0.0625 0.0609375
2 0.465625 0.48203125 0.034375 0.0640625
2 0.50078125 0.62734375 0.05078125 0.096875
2 0.55078125 0.8421875 0.07265625 0.14921875
2 0.740625 0.415625 0.0515625 0.0765625
2 0.690625 0.3578125 0.0375 0.046875
2 0.80859375 0.3515625 0.05 0.0390625
2 0.78046875 0.32421875 0.04765625 0.03671875
2 0.7671875 0.30703125 0.05390625 0.03671875
3 0.43671875 0.48515625 0.015625 0.05
3 0.43359375 0.38671875 0.009375 0.0390625
3 0.48046875 0.32421875 0.0125 0.03203125
5 0.45 0.15546875 0.01640625 0.0375
3 0.36328125 0.47421875 0.0328125 0.0328125
3 0.69765625 0.41015625 0.02265625 0.0296875
3 0.83125 0.528125 0.0328125 0.0375
3 0.9625 0.6453125 0.040625 0.0421875
4 0.43671875 0.2625 0.00859375 0.02578125
4 0.41640625 0.26875 0.0078125 0.02578125
4 0.409375 0.26640625 0.0078125 0.0296875