4 0.5765625 0.246875 0.009375 0.02890625
2 0.12421875 0.30390625 0.059375 0.03359375
2 0.1265625 0.284375 0.06640625 0.0375
2 0.13359375 0.26796875 0.05 0.028125
2 0.140625 0.2578125 0.06015625 0.0390625
2 0.184375 0.475 0.05625 0.0890625
2 0.03359375 0.4578125 0.0671875 0.06484375
4 0.278125 0.29296875 0.00859375 0.034375
4 0.25625 0.2921875 0.0109375 0.03046875
2 0.45 0.29765625 0.0234375 0.04140625
2 0.49609375 0.2484375 0.028125 0.03984375
5 0.43984375 0.58359375 0.09609375 0.2796875
2 0.5546875 0.5875 0.0484375 0.090625
2 0.39765625 0.1796875 0.01796875 0.03203125
2 0.40390625 0.14609375 0.01796875 0.02421875
2 0.43671875 0.159375 0.01875 0.02578125
2 0.49453125 0.21171875 0.021875 0.0265625
2 0.35078125 0.1578125 0.0140625 0.02421875
2 0.44609375 0.20390625 0.025 0.028125
2 0.465625 0.2109375 0.021875 0.0296875
3 0.46796875 0.22109375 0.0125 0.02890625
4 0.7375 0.465625 0.01484375 0.05234375
3 0.52421875 0.24375 0.02109375 0.03125