2 0.5859375 0.1109375 0.021875 0.02109375
1 0.6921875 0.73671875 0.23359375 0.50078125
1 0.49453125 0.05625 0.01796875 0.0375
2 0.503125 0.471875 0.04921875 0.1015625
2 0.88125 0.584375 0.159375 0.10625
2 0.93359375 0.728125 0.1328125 0.1296875
2 0.7953125 0.73125 0.1078125 0.17578125
2 0.834375 0.35546875 0.0578125 0.0875
2 0.91796875 0.34609375 0.06875 0.078125
2 0.8 0.246875 0.046875 0.053125
2 0.72734375 0.24375 0.0421875 0.04375
2 0.6921875 0.24609375 0.0375 0.0515625
2 0.6546875 0.2578125 0.0375 0.06171875
2 0.5421875 0.15625 0.0203125 0.0375
2 0.534375 0.125 0.0171875 0.02578125
2 0.546875 0.09765625 0.015625 0.0265625
2 0.53203125 0.0625 0.0109375 0.01640625
2 0.4984375 0.11796875 0.015625 0.03359375
2 0.48359375 0.08671875 0.0140625 0.028125
2 0.4703125 0.1421875 0.01875 0.03828125
2 0.45625 0.17890625 0.021875 0.0515625
2 0.5078125 0.0484375 0.01015625 0.02265625
2 0.50703125 0.028125 0.0078125 0.01484375
2 0.52734375 0.01015625 0.00703125 0.01484375
2 0.5875 0.0875 0.025 0.021875
2 0.115625 0.51953125 0.11953125 0.0890625
2 0.14765625 0.4671875 0.1046875 0.0546875
2 0.17265625 0.41640625 0.0921875 0.04453125
2 0.2203125 0.37890625 0.06171875 0.04765625
4 0.303125 0.5765625 0.0234375 0.0796875
4 0.3796875 0.31796875 0.01328125 0.0453125
4 0.77265625 0.56328125 0.01953125 0.096875
4 0.784375 0.59765625 0.01640625 0.09453125
4 0.8046875 0.5484375 0.01875 0.08359375
4 0.82890625 0.5453125 0.02109375 0.065625
4 0.9875 0.63359375 0.025 0.05
4 0.73359375 0.3609375 0.01484375 0.06171875
4 0.6796875 0.26875 0.0109375 0.04921875
4 0.69140625 0.26953125 0.01015625 0.04140625
4 0.6375 0.20390625 0.0125 0.0390625
4 0.6546875 0.2203125 0.009375 0.01796875
4 0.6421875 0.228125 0.00859375 0.034375
4 0.6046875 0.17265625 0.00859375 0.0296875
4 0.6 0.17109375 0.00546875 0.02578125
0 0.3609375 0.46875 0.0234375 0.07890625
3 0.60859375 0.403125 0.01875 0.06484375
3 0.446875 0.265625 0.015625 0.04609375
3 0.66328125 0.19765625 0.02109375 0.02734375
3 0.7015625 0.20078125 0.01875 0.02421875
3 0.725 0.20078125 0.01953125 0.021875
5 0.5265625 0.0765625 0.0125 0.03046875
4 0.5796875 0.121875 0.00625 0.02265625
4 0.45859375 0.13828125 0.009375 0.02578125
4 0.56953125 0.11484375 0.0046875 0.0203125
3 0.49765625 0.7390625 0.06328125 0.175