3 0.828125 0.53828125 0.03515625 0.03828125
4 0.321875 0.86953125 0.025 0.06953125
2 0.421875 0.4875 0.034375 0.075
2 0.46796875 0.5921875 0.05234375 0.1046875
2 0.5703125 0.62421875 0.0609375 0.10078125
2 0.71171875 0.88359375 0.10078125 0.13125
2 0.73828125 0.41953125 0.05078125 0.07109375
2 0.80546875 0.3578125 0.04921875 0.04140625
2 0.77734375 0.328125 0.046875 0.0359375
2 0.7640625 0.3109375 0.05390625 0.0359375
0 0.8078125 0.31171875 0.0171875 0.01796875
2 0.6875 0.36171875 0.0375 0.04296875
3 0.69609375 0.41796875 0.0234375 0.02578125
3 0.675 0.4125 0.02578125 0.03046875
3 0.9609375 0.6578125 0.040625 0.04296875
3 0.59296875 0.51640625 0.0171875 0.0515625
2 0.5453125 0.43984375 0.03359375 0.0484375
2 0.49296875 0.40390625 0.0265625 0.046875
2 0.5171875 0.321875 0.025 0.0421875
2 0.5015625 0.1546875 0.01171875 0.021875
2 0.4953125 0.19375 0.015625 0.025
2 0.47578125 0.16328125 0.015625 0.03203125
5 0.44609375 0.16015625 0.015625 0.03515625
2 0.50703125 0.11328125 0.009375 0.01796875
2 0.48984375 0.109375 0.01015625 0.0203125
2 0.5109375 0.0859375 0.009375 0.01875
3 0.52109375 0.13125 0.0046875 0.01328125
2 0.48828125 0.24453125 0.01796875 0.02890625
2 0.4578125 0.24453125 0.0203125 0.04140625
2 0.44609375 0.28203125 0.021875 0.0421875
2 0.45 0.39140625 0.0296875 0.059375