3 0.08125 0.7640625 0.08359375 0.18125
3 0.44296875 0.17265625 0.0328125 0.059375
2 0.6609375 0.725 0.1453125 0.25234375
2 0.4078125 0.7875 0.12734375 0.32578125
4 0.84140625 0.14140625 0.01796875 0.07265625
4 0.37890625 0.19453125 0.015625 0.0515625
5 0.659375 0.23359375 0.08125 0.16171875
4 0.3875 0.20234375 0.015625 0.06171875
2 0.55078125 0.0171875 0.02109375 0.034375
2 0.4921875 0.203125 0.0453125 0.08359375
2 0.409375 0.18984375 0.0390625 0.0671875
2 0.509375 0.08125 0.0390625 0.0703125
2 0.55546875 0.15859375 0.0390625 0.071875
2 0.74375 0.1078125 0.0609375 0.06640625
2 0.965625 0.33203125 0.06875 0.096875
2 0.7078125 0.05 0.071875 0.05546875
4 0.39609375 0.203125 0.015625 0.0546875
3 0.1484375 0.8265625 0.07421875 0.146875
3 0.2390625 0.646875 0.0640625 0.11171875
3 0.36875 0.578125 0.04140625 0.13125
3 0.1234375 0.821875 0.071875 0.1484375
3 0.1046875 0.80859375 0.06875 0.16796875