2 0.578125 0.02734375 0.009375 0.0171875
2 0.584375 0.0125 0.0078125 0.01328125
2 0.60390625 0.0625 0.009375 0.0203125
4 0.35625 0.6125 0.01953125 0.071875
4 0.26640625 0.815625 0.02734375 0.1015625
4 0.821875 0.471875 0.0140625 0.07109375
4 0.8109375 0.48359375 0.0109375 0.046875
4 0.746875 0.46875 0.015625 0.065625
4 0.73046875 0.428125 0.0109375 0.05859375
4 0.7546875 0.43828125 0.0125 0.053125
4 0.76484375 0.43984375 0.0125 0.0515625
4 0.778125 0.403125 0.015625 0.06484375
4 0.72890625 0.38359375 0.0109375 0.04921875
4 0.7390625 0.390625 0.00703125 0.0546875
4 0.7453125 0.3921875 0.009375 0.046875
4 0.6890625 0.3046875 0.0109375 0.046875
4 0.7 0.30625 0.009375 0.04921875
4 0.6640625 0.16953125 0.00546875 0.025
4 0.66171875 0.16171875 0.0046875 0.02421875
4 0.51171875 0.16015625 0.00625 0.02734375
3 0.49609375 0.50546875 0.02421875 0.0921875
3 0.50625 0.396875 0.01640625 0.0640625
3 0.584375 0.1765625 0.01015625 0.0328125
3 0.71796875 0.225 0.01875 0.0265625
3 0.72890625 0.22421875 0.021875 0.02421875
3 0.7578125 0.23125 0.021875 0.0296875
3 0.78359375 0.2296875 0.0234375 0.02421875
3 0.4984375 0.17109375 0.01953125 0.025
4 0.1453125 0.31484375 0.0171875 0.0515625
4 0.04375 0.3890625 0.0203125 0.059375
4 0.0078125 0.3953125 0.01484375 0.0609375
0 0.4140625 0.50546875 0.025 0.0484375
2 0.64375 0.0984375 0.0265625 0.01875
2 0.5546875 0.7109375 0.06796875 0.1703125
2 0.9234375 0.66328125 0.15234375 0.12890625
2 0.64609375 0.421875 0.053125 0.08984375
2 0.571875 0.39140625 0.06171875 0.09140625
2 0.65703125 0.33515625 0.0484375 0.06328125
2 0.5609375 0.18984375 0.0234375 0.034375
2 0.51015625 0.19375 0.02265625 0.04921875
2 0.52421875 0.15703125 0.0171875 0.040625
2 0.58828125 0.109375 0.01640625 0.0265625
2 0.56328125 0.07265625 0.009375 0.01484375
2 0.5375 0.06953125 0.0109375 0.01328125
2 0.709375 0.28828125 0.040625 0.065625
2 0.746875 0.27734375 0.0375 0.05625
2 0.65625 0.25078125 0.03359375 0.053125
2 0.8921875 0.4046875 0.0609375 0.08515625
2 0.784375 0.27578125 0.040625 0.04921875
2 0.859375 0.284375 0.04765625 0.06015625
2 0.97265625 0.40234375 0.053125 0.090625
2 0.1859375 0.54296875 0.121875 0.075
2 0.2140625 0.48984375 0.096875 0.0515625
2 0.2296875 0.45078125 0.0921875 0.0515625
2 0.95546875 0.81875 0.0875 0.134375
2 0.6421875 0.12578125 0.0234375 0.0265625
2 0.6875 0.14453125 0.03046875 0.025
2 0.6234375 0.1203125 0.01484375 0.0234375
2 0.578125 0.053125 0.0109375 0.01640625
5 0.54765625 0.11171875 0.0171875 0.0453125
3 0.71640625 0.53828125 0.0421875 0.10078125