4 0.15078125 0.796875 0.021875 0.084375
4 0.26875 0.8546875 0.02421875 0.0890625
4 0.24453125 0.85078125 0.01875 0.0796875
4 0.2328125 0.78125 0.02109375 0.075
4 0.2328125 0.8421875 0.02265625 0.08671875
4 0.20859375 0.78359375 0.025 0.090625
4 0.19375 0.76484375 0.02734375 0.08359375
4 0.175 0.78828125 0.0265625 0.078125
4 0.140625 0.81171875 0.021875 0.0796875
4 0.165625 0.7328125 0.025 0.084375
4 0.146875 0.72265625 0.021875 0.0796875
4 0.1265625 0.6171875 0.02109375 0.06328125
4 0.17265625 0.46171875 0.01640625 0.059375
4 0.1609375 0.475 0.01875 0.05703125
4 0.07109375 0.671875 0.0234375 0.06953125
4 0.59296875 0.28671875 0.00859375 0.0328125
5 0.46640625 0.35 0.05625 0.17265625
5 0.4875 0.50859375 0.07890625 0.19140625
5 0.59375 0.77734375 0.1734375 0.375
1 0.4734375 0.21875 0.04296875 0.09140625
2 0.51640625 0.32734375 0.03125 0.0546875
2 0.39609375 0.48125 0.04921875 0.109375
2 0.41796875 0.60546875 0.065625 0.14609375
2 0.4546875 0.76484375 0.0890625 0.18984375
2 0.30703125 0.6296875 0.10703125 0.14609375
2 0.17421875 0.559375 0.10625 0.10625
2 0.09453125 0.49921875 0.09765625 0.0796875
2 0.590625 0.4609375 0.04921875 0.078125
2 0.53125 0.19609375 0.0203125 0.02890625
2 0.50234375 0.1515625 0.01640625 0.028125
2 0.4890625 0.16640625 0.01875 0.03046875
2 0.52734375 0.07578125 0.01171875 0.0203125
2 0.53125 0.059375 0.01015625 0.01796875
2 0.8234375 0.246875 0.06328125 0.03984375
2 0.94453125 0.3859375 0.0796875 0.0671875
3 0.90625 0.4734375 0.04453125 0.046875
3 0.74296875 0.3453125 0.028125 0.03828125
2 0.590625 0.384375 0.01640625 0.05
2 0.63984375 0.46953125 0.02109375 0.06484375
2 0.80390625 0.83984375 0.14296875 0.21015625
2 0.6515625 0.69296875 0.090625 0.14140625
3 0.34765625 0.259375 0.01875 0.03046875
3 0.40546875 0.40390625 0.02578125 0.0515625