4 0.27265625 0.5171875 0.015625 0.0359375
2 0.91875 0.2953125 0.03515625 0.0359375
3 0.3375 0.521875 0.040625 0.0546875
3 0.52109375 0.1765625 0.00703125 0.0203125
3 0.46171875 0.13203125 0.00546875 0.0171875
3 0.453125 0.08828125 0.003125 0.01015625
3 0.4828125 0.8375 0.03125 0.1109375
4 0.2625 0.47421875 0.01484375 0.046875
4 0.26015625 0.49609375 0.01484375 0.053125
4 0.27421875 0.60859375 0.0171875 0.06484375
4 0.32890625 0.70859375 0.01875 0.07421875
4 0.31640625 0.70625 0.01640625 0.07109375
4 0.3078125 0.696875 0.01640625 0.06640625
4 0.35078125 0.6703125 0.01328125 0.06953125
4 0.35546875 0.64375 0.01484375 0.059375
4 0.33984375 0.63828125 0.01328125 0.06640625
4 0.32734375 0.6171875 0.0109375 0.05390625
4 0.33359375 0.58984375 0.01171875 0.03671875
4 0.32578125 0.584375 0.0109375 0.034375
4 0.32734375 0.57109375 0.0109375 0.03203125
4 0.40546875 0.24453125 0.00703125 0.025
4 0.3953125 0.284375 0.00859375 0.0296875
4 0.13203125 0.35859375 0.01015625 0.028125
4 0.20078125 0.46015625 0.01640625 0.02734375
4 0.825 0.8609375 0.028125 0.0875
4 0.8484375 0.92421875 0.02578125 0.04453125
4 0.7484375 0.76328125 0.0234375 0.08203125
4 0.7453125 0.7453125 0.01796875 0.0734375
4 0.72421875 0.70078125 0.01640625 0.06875
4 0.7390625 0.6828125 0.01328125 0.06875
2 0.4625 0.15234375 0.01484375 0.0125
2 0.46171875 0.11328125 0.009375 0.0140625
2 0.4765625 0.10546875 0.0078125 0.01328125
2 0.4875 0.15078125 0.01640625 0.02578125
2 0.44375 0.16484375 0.0140625 0.021875
2 0.4640625 0.1703125 0.01796875 0.034375
2 0.48671875 0.171875 0.01484375 0.02265625
2 0.43828125 0.2015625 0.0203125 0.03203125
2 0.46875 0.20703125 0.01796875 0.03515625
2 0.52734375 0.2421875 0.021875 0.02890625
2 0.4671875 0.2828125 0.025 0.046875
2 0.4328125 0.3234375 0.02734375 0.06640625
2 0.475 0.3328125 0.02890625 0.06796875
2 0.49765625 0.428125 0.071875 0.06875
2 0.5703125 0.8875 0.0734375 0.13046875
2 0.39375 0.7328125 0.06171875 0.13828125
2 0.4171875 0.5390625 0.046875 0.1125
2 0.475 0.53359375 0.04375 0.0890625
2 0.62109375 0.57109375 0.0578125 0.08828125
2 0.31875 0.3625 0.08828125 0.0671875
2 0.32890625 0.49140625 0.1 0.07421875
2 0.1765625 0.51015625 0.11171875 0.0953125
3 0.67109375 0.48671875 0.03125 0.078125
3 0.7921875 0.603125 0.04765625 0.08359375
3 0.8171875 0.66328125 0.06953125 0.078125
3 0.81953125 0.80703125 0.03671875 0.12578125
3 0.74921875 0.5515625 0.05234375 0.08125