2 0.51171875 0.2984375 0.021875 0.04375
2 0.490625 0.19609375 0.0140625 0.0234375
2 0.45234375 0.234375 0.01875 0.0328125
5 0.43984375 0.165625 0.01953125 0.03515625
2 0.5015625 0.115625 0.01015625 0.01640625
2 0.5046875 0.0859375 0.0078125 0.015625
2 0.7984375 0.36953125 0.0484375 0.040625
2 0.7703125 0.3390625 0.04921875 0.03515625
2 0.39765625 0.840625 0.09921875 0.14375
2 0.590625 0.584375 0.0515625 0.071875
2 0.75703125 0.32109375 0.05625 0.03359375
4 0.32421875 0.88984375 0.01953125 0.06953125
3 0.05234375 0.44765625 0.0609375 0.04765625
3 0.15859375 0.41328125 0.025 0.034375
3 0.54765625 0.4296875 0.0125 0.0390625
3 0.953125 0.67109375 0.03984375 0.046875
3 0.82265625 0.5515625 0.0328125 0.0375
3 0.6734375 0.42421875 0.0328125 0.03515625
3 0.690625 0.43125 0.02421875 0.02890625
2 0.68203125 0.375 0.03671875 0.0484375
2 0.73203125 0.43203125 0.0515625 0.07109375
0 0.8 0.32265625 0.01640625 0.0203125
2 0.51015625 0.46171875 0.03515625 0.05703125
2 0.4484375 0.35 0.0234375 0.05
2 0.48046875 0.29921875 0.021875 0.03203125