2 0.12421875 0.259375 0.06171875 0.04453125
4 0.72734375 0.315625 0.00625 0.03203125
4 0.7359375 0.3125 0.00859375 0.03359375
4 0.6875 0.3 0.009375 0.0328125
4 0.69375 0.2984375 0.00703125 0.03125
4 0.55234375 0.24921875 0.009375 0.0296875
3 0.42109375 0.28515625 0.0109375 0.0359375
2 0.42890625 0.36171875 0.0328125 0.06015625
2 0.51953125 0.36953125 0.05625 0.05390625
2 0.63125 0.33671875 0.0671875 0.05
2 0.63125 0.28828125 0.05 0.04140625
2 0.43125 0.19375 0.02109375 0.0296875
2 0.40390625 0.19453125 0.02265625 0.03359375
2 0.40625 0.16328125 0.02265625 0.02890625
2 0.334375 0.15703125 0.01484375 0.025
2 0.259375 0.19375 0.0203125 0.03359375
3 0.2703125 0.27890625 0.021875 0.025
2 0.109375 0.30546875 0.0640625 0.03671875
2 0.1125 0.2859375 0.0671875 0.03984375
2 0.11484375 0.26953125 0.05625 0.03203125