2 0.42578125 0.71640625 0.09453125 0.2671875
3 0.92578125 0.4546875 0.04296875 0.04609375
0 0.8796875 0.23671875 0.02109375 0.02421875
4 0.60078125 0.28046875 0.0078125 0.0328125
4 0.61796875 0.31796875 0.01484375 0.0421875
4 0.45703125 0.1484375 0.00546875 0.0234375
4 0.403125 0.2078125 0.00703125 0.03125
4 0.30625 0.353125 0.01328125 0.04609375
4 0.19921875 0.45625 0.01640625 0.0359375
4 0.18828125 0.69296875 0.01640625 0.08359375
4 0.22578125 0.75 0.021875 0.0890625
4 0.240625 0.77421875 0.0234375 0.090625
4 0.26015625 0.81171875 0.025 0.0953125
4 0.1796875 0.7046875 0.02265625 0.08203125
2 0.0640625 0.33203125 0.0671875 0.05234375
3 0.95625 0.33203125 0.02109375 0.046875
2 0.475 0.33359375 0.03671875 0.071875
2 0.46796875 0.25390625 0.03203125 0.06640625
2 0.4765625 0.1984375 0.02578125 0.04765625
2 0.490625 0.15859375 0.0203125 0.03359375
2 0.5453125 0.0875 0.01328125 0.02265625
2 0.83046875 0.234375 0.06328125 0.0390625
3 0.75625 0.33203125 0.028125 0.0375
3 0.53125 0.79921875 0.0375 0.1375
3 0.50859375 0.62109375 0.028125 0.10390625
3 0.4625 0.534375 0.021875 0.07421875
3 0.3578125 0.603125 0.046875 0.07578125
3 0.23046875 0.4375 0.03046875 0.05546875
3 0.33046875 0.425 0.0359375 0.04140625
3 0.559375 0.09921875 0.00625 0.01875
3 0.55859375 0.1578125 0.00703125 0.02265625
3 0.4890625 0.13515625 0.00703125 0.01796875
2 0.3109375 0.4734375 0.11171875 0.0796875
2 0.509375 0.3125 0.034375 0.0484375
2 0.43046875 0.37265625 0.03828125 0.078125