2 0.87578125 0.30234375 0.03046875 0.03203125
2 0.903125 0.30078125 0.03203125 0.03359375
4 0.275 0.6390625 0.015625 0.06328125
4 0.2859375 0.6515625 0.01640625 0.053125
4 0.325 0.6359375 0.0125 0.05234375
4 0.33359375 0.63515625 0.01171875 0.053125
4 0.31796875 0.66640625 0.021875 0.0625
4 0.315625 0.73671875 0.01640625 0.06796875
4 0.3234375 0.74296875 0.01875 0.07265625
4 0.3453125 0.6921875 0.01328125 0.0640625
3 0.3515625 0.88671875 0.03046875 0.11015625
4 0.68203125 0.70078125 0.0265625 0.065625
4 0.7984375 0.8890625 0.0234375 0.08203125
4 0.540625 0.2296875 0.00625 0.021875
4 0.5640625 0.28515625 0.00703125 0.02890625
2 0.475 0.11875 0.0109375 0.0171875
2 0.4640625 0.128125 0.009375 0.01484375
2 0.4828125 0.1453125 0.01171875 0.015625
2 0.4796875 0.16015625 0.01484375 0.021875
2 0.46484375 0.14609375 0.0125 0.01875
3 0.421875 0.2203125 0.00625 0.0234375
3 0.43203125 0.2640625 0.009375 0.0296875
3 0.42421875 0.34140625 0.01015625 0.0375
3 0.43046875 0.4140625 0.0125 0.04375
3 0.421875 0.58203125 0.021875 0.075
3 0.6125 0.6328125 0.021875 0.06328125
2 0.3046875 0.38515625 0.075 0.06171875
2 0.384375 0.46171875 0.046875 0.1046875
2 0.3890625 0.5546875 0.0515625 0.1046875
2 0.48515625 0.56328125 0.04296875 0.10546875
2 0.45625 0.2921875 0.0234375 0.053125
2 0.496875 0.2578125 0.0265625 0.046875
2 0.5421875 0.32109375 0.0296875 0.046875
2 0.5046875 0.33984375 0.0296875 0.046875
2 0.4625 0.3453125 0.02578125 0.04921875
2 0.43203125 0.240625 0.01796875 0.03671875
2 0.4515625 0.20546875 0.01640625 0.03203125
2 0.45546875 0.25 0.0171875 0.03125
4 0.125 0.3859375 0.01171875 0.02421875
4 0.3125 0.62109375 0.0125 0.05
4 0.259375 0.640625 0.01484375 0.06171875