4 0.2796875 0.84375 0.02109375 0.0875
4 0.3046875 0.83125 0.01953125 0.0875
4 0.3421875 0.77890625 0.028125 0.10625
4 0.3734375 0.70390625 0.02109375 0.07578125
4 0.2671875 0.77578125 0.02265625 0.0796875
4 0.240625 0.76953125 0.02421875 0.0890625
3 0.4921875 0.6359375 0.02734375 0.09296875
3 0.3359375 0.5609375 0.04609375 0.0671875
3 0.66875 0.55703125 0.025 0.071875
3 0.70078125 0.5421875 0.0234375 0.07421875
3 0.9203125 0.4546875 0.04375 0.04921875
3 0.7515625 0.33203125 0.028125 0.03984375
0 0.875 0.23671875 0.01875 0.02265625
3 0.9515625 0.33203125 0.02109375 0.0453125
2 0.328125 0.45078125 0.09140625 0.0671875
2 0.234375 0.52578125 0.10078125 0.08828125
3 0.2203125 0.4734375 0.03828125 0.0453125
3 0.2265625 0.4375 0.0296875 0.05703125
2 0.4828125 0.39296875 0.0421875 0.0828125
2 0.55390625 0.40078125 0.0421875 0.0640625
2 0.49296875 0.496875 0.059375 0.10390625
2 0.4359375 0.80546875 0.125 0.303125
5 0.578125 0.67421875 0.15234375 0.346875
2 0.7828125 0.26796875 0.040625 0.046875
2 0.82578125 0.234375 0.06328125 0.0390625
2 0.55234375 0.2390625 0.02578125 0.0390625
2 0.53359375 0.29609375 0.03046875 0.04296875
2 0.471875 0.26875 0.02734375 0.0515625
2 0.475 0.21796875 0.025 0.046875
4 0.88984375 0.36796875 0.0234375 0.05625
4 0.753125 0.29296875 0.01171875 0.04609375
4 0.5953125 0.2765625 0.009375 0.034375
4 0.2234375 0.75078125 0.021875 0.0875
3 0.44140625 0.3765625 0.0140625 0.0515625
3 0.5 0.29140625 0.0125 0.03671875
4 0.27890625 0.3640625 0.015625 0.046875
4 0.1953125 0.45625 0.0171875 0.0359375
4 0.1890625 0.51328125 0.015625 0.06640625
4 0.13828125 0.6671875 0.02109375 0.06640625
4 0.11640625 0.709375 0.028125 0.07734375
4 0.165625 0.7046875 0.0296875 0.0859375
4 0.17734375 0.8 0.025 0.0796875
3 0.1390625 0.503125 0.040625 0.05703125
2 0.51796875 0.07109375 0.01328125 0.021875
2 0.54375 0.08671875 0.01328125 0.0234375
2 0.525 0.16484375 0.01796875 0.02890625
2 0.18203125 0.303125 0.05234375 0.04453125
2 0.52109375 0.05703125 0.0125 0.0140625
2 0.540625 0.0640625 0.01015625 0.0203125