4 0.2546875 0.8703125 0.021875 0.08828125
4 0.22578125 0.8546875 0.0171875 0.07578125
4 0.23671875 0.86796875 0.021875 0.0796875
4 0.22890625 0.80546875 0.02265625 0.075
4 0.21328125 0.83984375 0.025 0.08515625
4 0.2015625 0.7984375 0.02109375 0.08828125
4 0.18125 0.7703125 0.02265625 0.071875
4 0.18125 0.80390625 0.025 0.0875
3 0.42421875 0.26875 0.0125 0.03828125
3 0.9078125 0.48671875 0.0421875 0.0453125
3 0.7453125 0.35390625 0.0296875 0.03828125
4 0.72890625 0.31953125 0.01484375 0.04453125
4 0.6 0.35859375 0.0125 0.04296875
4 0.6109375 0.3515625 0.00859375 0.04140625
4 0.1140625 0.6203125 0.02421875 0.065625
4 0.1421875 0.75 0.03125 0.08359375
4 0.14375 0.73671875 0.0234375 0.08203125
4 0.14609375 0.8515625 0.0359375 0.0921875
4 0.16640625 0.83203125 0.0328125 0.0890625
4 0.20390625 0.87421875 0.03203125 0.07578125
4 0.25625 0.9296875 0.028125 0.046875
4 0.26796875 0.903125 0.02421875 0.090625
4 0.2421875 0.90390625 0.02109375 0.04921875
2 0.25390625 0.60625 0.10625 0.1109375
4 0.59375 0.28984375 0.009375 0.03515625
4 0.63125 0.30546875 0.0109375 0.03984375
2 0.82578125 0.2515625 0.0640625 0.04140625
0 0.875 0.2546875 0.01953125 0.02421875
3 0.9484375 0.3578125 0.02109375 0.0453125
3 0.5578125 0.1453125 0.00546875 0.02109375
2 0.23125 0.49296875 0.0828125 0.06875
2 0.1359375 0.5078125 0.08515625 0.0640625
2 0.04453125 0.4890625 0.08515625 0.07890625
2 0.4078125 0.6609375 0.0671875 0.16875
2 0.47265625 0.4921875 0.05234375 0.1125
2 0.46171875 0.40390625 0.03671875 0.0703125
2 0.50859375 0.3375 0.0375 0.0625
2 0.5546875 0.35390625 0.0328125 0.0546875
2 0.409375 0.35859375 0.03828125 0.07109375
2 0.47109375 0.30078125 0.028125 0.04921875
2 0.515625 0.225 0.0234375 0.03984375
2 0.5265625 0.16328125 0.0171875 0.0265625
2 0.4734375 0.2546875 0.028125 0.0515625
2 0.478125 0.22265625 0.0234375 0.0296875
2 0.490625 0.2015625 0.0203125 0.03828125
2 0.49921875 0.1640625 0.01875 0.03125
2 0.4890625 0.178125 0.02265625 0.03828125
5 0.5078125 0.140625 0.01875 0.0453125
2 0.515625 0.1171875 0.01328125 0.021875
2 0.54609375 0.09765625 0.01328125 0.0171875
2 0.565625 0.0796875 0.01171875 0.01953125
5 0.521875 0.09765625 0.01484375 0.03359375