2 0.4546875 0.22265625 0.01875 0.03671875
2 0.46015625 0.2796875 0.025 0.0390625
2 0.42578125 0.34375 0.02890625 0.05078125
2 0.509375 0.32890625 0.03359375 0.053125
2 0.46484375 0.33828125 0.03125 0.0546875
4 0.92109375 0.315625 0.00703125 0.03203125
2 0.8890625 0.3046875 0.03359375 0.03359375
2 0.91796875 0.30703125 0.03203125 0.040625
4 0.9140625 0.315625 0.00625 0.0265625
2 0.44453125 0.11328125 0.009375 0.01796875
2 0.465625 0.13125 0.01171875 0.01796875
2 0.428125 0.2296875 0.01796875 0.03203125
4 0.21171875 0.5109375 0.02265625 0.05234375
4 0.109375 0.3890625 0.01484375 0.02890625
4 0.3515625 0.7140625 0.015625 0.07578125
4 0.30546875 0.728125 0.01875 0.06640625
4 0.27734375 0.67421875 0.01875 0.06875
4 0.3328125 0.67421875 0.01875 0.059375
4 0.325 0.665625 0.015625 0.05546875
4 0.3203125 0.63671875 0.01875 0.05703125
4 0.33125 0.7421875 0.01875 0.06875
4 0.31796875 0.7453125 0.0171875 0.0703125
3 0.3828125 0.6046875 0.02109375 0.06875
2 0.3015625 0.3890625 0.07890625 0.06640625
2 0.7125 0.8765625 0.109375 0.165625
2 0.58671875 0.48828125 0.04609375 0.0890625
2 0.490625 0.6421875 0.05234375 0.11640625
2 0.4796875 0.459375 0.03828125 0.08359375
2 0.4234375 0.45546875 0.03671875 0.071875
2 0.47421875 0.11640625 0.01015625 0.01484375
2 0.40703125 0.6890625 0.059375 0.14921875
3 0.41875 0.55859375 0.0203125 0.0734375
3 0.4296875 0.2859375 0.009375 0.0296875
3 0.42578125 0.2625 0.00859375 0.02421875
3 0.42890625 0.140625 0.00625 0.01640625
3 0.75078125 0.63828125 0.065625 0.08671875
3 0.84375 0.73359375 0.05546875 0.11875
3 0.86015625 0.90546875 0.06796875 0.08515625
3 0.821875 0.66015625 0.053125 0.08359375
3 0.0265625 0.62578125 0.053125 0.06328125
3 0.17421875 0.584375 0.0703125 0.06875