2 0.18203125 0.3046875 0.05078125 0.0453125
2 0.825 0.234375 0.0640625 0.03984375
0 0.875 0.2375 0.01875 0.02421875
4 0.19765625 0.4578125 0.01640625 0.0359375
4 0.3625 0.24296875 0.0078125 0.03203125
4 0.59453125 0.27734375 0.00703125 0.03359375
3 0.3625 0.6265625 0.04140625 0.0859375
3 0.215625 0.50859375 0.0421875 0.06015625
3 0.25390625 0.578125 0.0390625 0.0640625
3 0.228125 0.4375 0.02890625 0.05546875
3 0.921875 0.4546875 0.04375 0.0453125
3 0.7515625 0.33203125 0.028125 0.03828125
3 0.9515625 0.33359375 0.0203125 0.0453125
2 0.3421875 0.45703125 0.09765625 0.08125
2 0.5234375 0.5578125 0.08125 0.175
2 0.4953125 0.15 0.01953125 0.03359375
2 0.50625 0.10390625 0.01328125 0.021875
4 0.303125 0.825 0.0203125 0.0859375
4 0.22578125 0.8421875 0.021875 0.0828125
4 0.16953125 0.73671875 0.0265625 0.0828125
4 0.18359375 0.7078125 0.0203125 0.08125
4 0.16484375 0.69140625 0.01640625 0.07421875
4 0.209375 0.66015625 0.0265625 0.0703125
4 0.221875 0.74609375 0.028125 0.07890625
4 0.24609375 0.771875 0.0234375 0.0890625
4 0.2640625 0.790625 0.02109375 0.0859375
4 0.28125 0.84765625 0.0203125 0.0859375
4 0.26875 0.83359375 0.0203125 0.08671875
3 0.27578125 0.65625 0.05546875 0.10546875
3 0.4828125 0.784375 0.0765625 0.14296875