2 0.8515625 0.3828125 0.05859375 0.046875
4 0.78203125 0.3140625 0.0125 0.03046875
4 0.6828125 0.28359375 0.009375 0.02734375
0 0.4015625 0.21953125 0.00859375 0.028125
0 0.40625 0.21015625 0.0078125 0.0265625
2 0.34296875 0.1578125 0.01640625 0.02734375
2 0.2671875 0.196875 0.0234375 0.03203125
2 0.43046875 0.2234375 0.02421875 0.03984375
2 0.57109375 0.2703125 0.05546875 0.04609375
2 0.6484375 0.3421875 0.0625 0.04921875
2 0.66875 0.315625 0.0671875 0.05390625
3 0.62265625 0.290625 0.025 0.03359375
5 0.58984375 0.47421875 0.0453125 0.09140625
2 0.4796875 0.40078125 0.03203125 0.06171875
2 0.54609375 0.70625 0.11953125 0.14609375
3 0.334375 0.7890625 0.02890625 0.09921875
2 0.115625 0.31171875 0.0671875 0.0390625
2 0.11875 0.28984375 0.0640625 0.0375
2 0.1265625 0.27265625 0.0484375 0.03203125
2 0.13359375 0.2625 0.0609375 0.0453125
4 0.25 0.28125 0.01015625 0.03828125
4 0.26015625 0.29375 0.00859375 0.0296875
4 0.26484375 0.27890625 0.00859375 0.03125
4 0.2890625 0.2859375 0.009375 0.03359375
2 0.17734375 0.4828125 0.05234375 0.090625
2 0.03203125 0.46796875 0.0640625 0.0640625
2 0.45625 0.57890625 0.04765625 0.096875
2 0.4640625 0.46953125 0.0390625 0.0859375
2 0.5375 0.4921875 0.040625 0.078125
2 0.525 0.38984375 0.0421875 0.0703125
2 0.5109375 0.32578125 0.03125 0.04296875
2 0.4328125 0.3859375 0.0375 0.0578125
2 0.4546875 0.2984375 0.0265625 0.0484375
2 0.421875 0.3015625 0.03125 0.0453125
2 0.4890625 0.24453125 0.028125 0.0359375
2 0.4203125 0.16328125 0.015625 0.02265625