3 0.67890625 0.2234375 0.0265625 0.028125
3 0.56171875 0.24921875 0.0125 0.03828125
3 0.66484375 0.22421875 0.021875 0.0296875
5 0.52265625 0.01328125 0.00859375 0.01875
2 0.18359375 0.4828125 0.1078125 0.06171875
2 0.15859375 0.5171875 0.1109375 0.06171875
2 0.128125 0.56875 0.12578125 0.096875
2 0.509375 0.0375 0.0125 0.02265625
2 0.5515625 0.084375 0.0140625 0.025
2 0.5125 0.12421875 0.015625 0.03125
2 0.475 0.1625 0.0171875 0.04453125
2 0.49140625 0.13671875 0.0171875 0.0390625
2 0.58984375 0.13125 0.0234375 0.0296875
2 0.571875 0.1234375 0.0140625 0.02421875
2 0.546875 0.1625 0.021875 0.03828125
2 0.509375 0.1703125 0.02109375 0.046875
2 0.49453125 0.2140625 0.028125 0.046875
2 0.4609375 0.203125 0.021875 0.05078125
2 0.6140625 0.24375 0.0265625 0.059375
2 0.79921875 0.27734375 0.053125 0.06796875
2 0.72890625 0.278125 0.0453125 0.06796875
2 0.69375 0.278125 0.04296875 0.06328125
2 0.65859375 0.28828125 0.040625 0.06875
2 0.915625 0.3875 0.078125 0.09609375
2 0.8359375 0.39453125 0.0640625 0.08984375
2 0.87734375 0.65 0.1765625 0.1375
2 0.9265625 0.790625 0.146875 0.1375
2 0.9203125 0.8921875 0.159375 0.14609375
2 0.7515625 0.8265625 0.15625 0.2921875
2 0.66875 0.92578125 0.1390625 0.1484375
2 0.3984375 0.74609375 0.103125 0.2796875
0 0.36640625 0.515625 0.0328125 0.078125
4 0.44921875 0.203125 0.00703125 0.0296875
4 0.44765625 0.18515625 0.0109375 0.02578125
4 0.4640625 0.1515625 0.00703125 0.01796875
4 0.45546875 0.1546875 0.00625 0.01640625
4 0.46171875 0.165625 0.00703125 0.01953125
4 0.42890625 0.25546875 0.009375 0.0375
4 0.5296875 0.10078125 0.00703125 0.0171875
4 0.55078125 0.10078125 0.00625 0.01875
4 0.58515625 0.15234375 0.00625 0.028125
4 0.58125 0.15 0.0046875 0.034375
4 0.57890625 0.15078125 0.00625 0.02890625
4 0.5921875 0.16015625 0.0078125 0.02578125
4 0.6 0.15859375 0.00546875 0.02734375
4 0.61875 0.1875 0.00625 0.0296875
4 0.6203125 0.19765625 0.00625 0.03046875
4 0.6234375 0.203125 0.00625 0.02265625
4 0.628125 0.1984375 0.009375 0.03203125
4 0.64140625 0.234375 0.00625 0.0296875
4 0.6359375 0.234375 0.009375 0.03359375
4 0.7296875 0.39609375 0.0140625 0.06875
4 0.734375 0.45859375 0.0234375 0.06484375
4 0.8375 0.596875 0.0265625 0.07109375
4 0.80546875 0.60546875 0.02578125 0.08125
4 0.98203125 0.69453125 0.0296875 0.059375
4 0.83828125 0.82421875 0.03203125 0.115625
4 0.309375 0.63203125 0.0265625 0.084375
1 0.528125 0.03984375 0.0171875 0.034375
1 0.49921875 0.06171875 0.015625 0.0375
1 0.48828125 0.0859375 0.01875 0.04609375
3 0.5390625 0.0671875 0.0046875 0.01875
3 0.5296875 0.07265625 0.0046875 0.01796875
3 0.50546875 0.115625 0.00625 0.025
3 0.51796875 0.15546875 0.00625 0.021875
3 0.728125 0.22578125 0.021875 0.0234375
3 0.7046875 0.2265625 0.0203125 0.028125