2 0.17265625 0.47890625 0.0578125 0.0828125
2 0.38359375 0.58203125 0.05234375 0.0984375
2 0.465625 0.42421875 0.0375 0.0796875
2 0.5078125 0.325 0.03515625 0.05703125
2 0.48046875 0.2515625 0.02734375 0.0390625
2 0.45078125 0.2875 0.02890625 0.046875
2 0.41796875 0.3046875 0.028125 0.046875
2 0.44921875 0.21640625 0.021875 0.028125
2 0.41640625 0.17578125 0.01875 0.02578125
2 0.38671875 0.1765625 0.01796875 0.025
2 0.3359375 0.1609375 0.01484375 0.025
2 0.259375 0.196875 0.01875 0.02890625
2 0.1125 0.31015625 0.06484375 0.0328125
2 0.1125 0.28984375 0.06484375 0.0390625
2 0.11640625 0.27421875 0.05546875 0.0328125
2 0.12421875 0.26328125 0.059375 0.03984375
4 0.26875 0.29765625 0.009375 0.034375
4 0.26328125 0.26796875 0.01171875 0.02578125
4 0.7265625 0.31015625 0.009375 0.03125
4 0.7984375 0.3 0.01171875 0.0359375
4 0.55625 0.2453125 0.00859375 0.0296875