4 0.3265625 0.571875 0.01484375 0.0546875
2 0.55625 0.56015625 0.053125 0.0953125
3 0.48515625 0.12578125 0.0046875 0.01640625
2 0.55859375 0.3484375 0.03125 0.04453125
2 0.43671875 0.296875 0.02890625 0.04921875
2 0.478125 0.39296875 0.034375 0.071875
4 0.33828125 0.66171875 0.0203125 0.07265625
4 0.40625 0.67578125 0.0203125 0.06328125
4 0.40546875 0.68984375 0.021875 0.06640625
4 0.42890625 0.6234375 0.02578125 0.06484375
4 0.86953125 0.90390625 0.040625 0.08203125
4 0.84296875 0.8859375 0.0265625 0.09296875
2 0.47734375 0.57109375 0.05 0.1265625
2 0.39296875 0.5375 0.07578125 0.09453125
4 0.3578125 0.634375 0.01875 0.0609375
4 0.3546875 0.65703125 0.0125 0.0609375
4 0.32734375 0.6625 0.0203125 0.06796875
4 0.28984375 0.60625 0.01875 0.0640625
4 0.27109375 0.60703125 0.01640625 0.06328125
3 0.45 0.21328125 0.00625 0.02578125
3 0.459375 0.23984375 0.009375 0.0296875
2 0.3140625 0.3625 0.07578125 0.06796875
2 0.4609375 0.16171875 0.01484375 0.0296875
2 0.44140625 0.14375 0.0125 0.021875
2 0.48984375 0.17109375 0.015625 0.0296875
2 0.43515625 0.24453125 0.0203125 0.034375
2 0.46796875 0.27265625 0.02109375 0.04140625
2 0.50078125 0.228125 0.02109375 0.03046875
2 0.42109375 0.46640625 0.040625 0.07578125
2 0.4734375 0.3203125 0.03203125 0.071875
2 0.43125 0.35859375 0.0328125 0.06015625
2 0.43203125 0.4 0.0375 0.08125
2 0.88984375 0.290625 0.03046875 0.03125
4 0.34375 0.6046875 0.0125 0.06015625
4 0.31640625 0.575 0.01640625 0.0546875
4 0.33671875 0.5984375 0.01328125 0.053125
4 0.134375 0.36171875 0.0109375 0.02421875
4 0.5578125 0.2234375 0.00625 0.025
2 0.91796875 0.290625 0.03046875 0.0359375