4 0.28125 0.275 0.00703125 0.021875
4 0.2640625 0.28203125 0.00703125 0.03125
2 0.1921875 0.48359375 0.05390625 0.09375
2 0.128125 0.3125 0.06328125 0.03828125
2 0.1296875 0.28984375 0.0640625 0.03671875
2 0.13359375 0.27578125 0.053125 0.0328125
2 0.14140625 0.265625 0.059375 0.04296875
2 0.76171875 0.6203125 0.0578125 0.0953125
2 0.71328125 0.3484375 0.05390625 0.04921875
2 0.5 0.26953125 0.03046875 0.04140625
2 0.54296875 0.38984375 0.03671875 0.05625
3 0.4453125 0.32578125 0.01484375 0.03515625
2 0.453125 0.43046875 0.0390625 0.07578125
2 0.54609375 0.5640625 0.04453125 0.10703125
5 0.44765625 0.70546875 0.08828125 0.184375
2 0.46875 0.2234375 0.02265625 0.02578125
5 0.43203125 0.175 0.02265625 0.0375
2 0.35 0.16328125 0.01484375 0.02265625
2 0.275 0.19921875 0.01796875 0.0296875
4 0.3 0.27890625 0.009375 0.03359375
3 0.575 0.29609375 0.01484375 0.040625