2 0.2484375 0.48828125 0.08984375 0.06796875
3 0.33984375 0.48046875 0.0359375 0.0484375
3 0.390625 0.65546875 0.025 0.0875
2 0.60625 0.88671875 0.10703125 0.1328125
4 0.7515625 0.73046875 0.0203125 0.0703125
4 0.7484375 0.6828125 0.01640625 0.0640625
4 0.725 0.66171875 0.01875 0.0671875
4 0.71484375 0.653125 0.01796875 0.06171875
4 0.3578125 0.66640625 0.02265625 0.06796875
4 0.32109375 0.69765625 0.021875 0.0734375
4 0.31171875 0.68984375 0.01796875 0.0703125
4 0.29140625 0.63359375 0.01953125 0.0625
4 0.2703125 0.59453125 0.01796875 0.06328125
4 0.284375 0.5859375 0.015625 0.05390625
4 0.3421875 0.575 0.015625 0.0578125
2 0.46484375 0.34453125 0.028125 0.04921875
2 0.45703125 0.3 0.028125 0.0546875
2 0.4625 0.2765625 0.021875 0.0359375
2 0.4546875 0.246875 0.021875 0.03671875
2 0.453125 0.2234375 0.01953125 0.02578125
2 0.453125 0.13046875 0.0109375 0.01640625
4 0.85859375 0.9328125 0.021875 0.03671875
4 0.3265625 0.65234375 0.01484375 0.0640625
4 0.33828125 0.6390625 0.01796875 0.0671875
4 0.3203125 0.6578125 0.015625 0.03515625
4 0.31171875 0.61953125 0.01328125 0.040625
4 0.30390625 0.64453125 0.0125 0.05859375
4 0.33203125 0.57578125 0.0125 0.0421875
4 0.3234375 0.55625 0.0140625 0.03203125
4 0.321875 0.5703125 0.01171875 0.0328125
4 0.32109375 0.6 0.0109375 0.04921875
4 0.3359375 0.6046875 0.0140625 0.0375
2 0.3046875 0.3546875 0.07421875 0.06328125
2 0.53828125 0.5703125 0.0484375 0.0859375
2 0.4375 0.60078125 0.0578125 0.1296875
2 0.478125 0.52890625 0.040625 0.08359375
2 0.465625 0.45234375 0.0375 0.07890625
2 0.90546875 0.29453125 0.03359375 0.034375
2 0.41640625 0.384375 0.0359375 0.0703125
2 0.47265625 0.38203125 0.03359375 0.0796875
3 0.68515625 0.51171875 0.05078125 0.07578125
3 0.18671875 0.51953125 0.06015625 0.07578125
3 0.71484375 0.56640625 0.06171875 0.08125
3 0.77578125 0.59296875 0.05234375 0.10390625
3 0.8015625 0.7984375 0.06328125 0.11484375