4 0.2265625 0.746875 0.01953125 0.08515625
2 0.48984375 0.16484375 0.02109375 0.03671875
2 0.534375 0.13359375 0.0171875 0.0296875
2 0.50546875 0.1328125 0.0171875 0.03125
2 0.5171875 0.084375 0.015625 0.03046875
2 0.5078125 0.565625 0.071875 0.13125
2 0.7125 0.69140625 0.12421875 0.1703125
2 0.23125 0.48125 0.1125 0.07578125
2 0.46484375 0.3703125 0.046875 0.103125
2 0.51328125 0.315625 0.03359375 0.05
2 0.47421875 0.234375 0.02578125 0.0515625
2 0.5234375 0.16328125 0.021875 0.0421875
2 0.065625 0.33203125 0.065625 0.053125
0 0.33046875 0.4546875 0.03671875 0.05859375
3 0.43515625 0.278125 0.0125 0.04140625
3 0.5484375 0.16953125 0.00703125 0.02578125
3 0.48828125 0.12578125 0.00625 0.0234375
3 0.49140625 0.11796875 0.00546875 0.0203125
3 0.50625 0.1140625 0.00625 0.0140625
3 0.6140625 0.90703125 0.04296875 0.103125
4 0.24375 0.77109375 0.02578125 0.09140625
4 0.34375 0.6171875 0.0296875 0.0765625
4 0.165625 0.6921875 0.0203125 0.0859375
4 0.1828125 0.7015625 0.02734375 0.0890625
3 0.20703125 0.6703125 0.04375 0.0796875
4 0.35625 0.25390625 0.009375 0.0375
4 0.646875 0.409375 0.02109375 0.0484375
4 0.6453125 0.29921875 0.01171875 0.0359375
2 0.83046875 0.23203125 0.06328125 0.0390625
3 0.75625 0.32890625 0.02890625 0.03828125
2 0.7109375 0.14765625 0.04453125 0.0359375
3 0.92578125 0.453125 0.04296875 0.04609375
0 0.8796875 0.23515625 0.01875 0.021875