2 0.271875 0.1953125 0.01953125 0.03125
2 0.3484375 0.15859375 0.0140625 0.025
2 0.125 0.28671875 0.06328125 0.0359375
2 0.12265625 0.30703125 0.065625 0.04140625
4 0.2671875 0.2921875 0.00859375 0.03046875
4 0.29453125 0.2953125 0.009375 0.02578125
2 0.12890625 0.26953125 0.0546875 0.03359375
2 0.13671875 0.259375 0.06015625 0.040625
3 0.2828125 0.28125 0.02265625 0.02890625
2 0.43984375 0.25390625 0.021875 0.04296875
2 0.4265625 0.20859375 0.02265625 0.034375
2 0.540625 0.25625 0.040625 0.0359375
4 0.58046875 0.253125 0.009375 0.03203125
3 0.5359375 0.41953125 0.02578125 0.04765625
2 0.465625 0.45078125 0.03671875 0.071875
2 0.425 0.7625 0.07578125 0.22890625
3 0.51953125 0.30859375 0.02578125 0.05390625