2 0.58984375 0.88203125 0.07421875 0.1453125
4 0.30859375 0.6921875 0.01875 0.07109375
4 0.3203125 0.67890625 0.015625 0.071875
4 0.31953125 0.55703125 0.0140625 0.03046875
4 0.26796875 0.596875 0.01875 0.0625
4 0.328125 0.58359375 0.0140625 0.04921875
4 0.33046875 0.60859375 0.01875 0.0546875
2 0.90859375 0.2875 0.03515625 0.0359375
2 0.45078125 0.0984375 0.00859375 0.00859375
2 0.446875 0.0921875 0.00703125 0.0125
2 0.4515625 0.10625 0.009375 0.0109375
2 0.45 0.12109375 0.0109375 0.0171875
2 0.45234375 0.13671875 0.009375 0.01796875
2 0.45625 0.15078125 0.01328125 0.02734375
2 0.47890625 0.1125 0.00703125 0.0125
2 0.47265625 0.1296875 0.0109375 0.01875
2 0.4796875 0.1625 0.01484375 0.02265625
2 0.45546875 0.18046875 0.015625 0.02734375
4 0.31328125 0.65625 0.01484375 0.04453125
2 0.45625 0.22421875 0.01875 0.02890625
2 0.459375 0.2671875 0.021875 0.034375
2 0.45625 0.2984375 0.02890625 0.05078125
2 0.4234375 0.35234375 0.0296875 0.05546875
2 0.46640625 0.353125 0.03125 0.06796875
2 0.40703125 0.434375 0.0375 0.06640625
2 0.46875 0.4265625 0.03828125 0.090625
2 0.59765625 0.471875 0.05546875 0.11484375
2 0.41015625 0.5421875 0.046875 0.09140625
2 0.4703125 0.54453125 0.05078125 0.1125
2 0.56640625 0.6671875 0.0609375 0.10703125
4 0.2828125 0.5828125 0.01328125 0.065625
4 0.23671875 0.59453125 0.01328125 0.05703125
4 0.12109375 0.3546875 0.0125 0.02421875
4 0.76875 0.78671875 0.021875 0.08125
4 0.7828125 0.78203125 0.0203125 0.075
4 0.79375 0.76328125 0.02265625 0.07421875
4 0.859375 0.9265625 0.02265625 0.04765625
4 0.7140625 0.66015625 0.01796875 0.06484375
4 0.709375 0.6546875 0.0140625 0.0609375
4 0.4015625 0.20390625 0.00703125 0.02421875
4 0.428125 0.11875 0.00390625 0.01171875
4 0.3171875 0.57109375 0.01171875 0.03515625
4 0.31875 0.5984375 0.0109375 0.0453125
5 0.4609375 0.084375 0.00703125 0.01484375
5 0.465625 0.0734375 0.009375 0.0140625
2 0.303125 0.35546875 0.075 0.0609375
3 0.434375 0.4078125 0.0203125 0.053125
3 0.41796875 0.3078125 0.0125 0.0390625
3 0.4 0.3359375 0.01328125 0.04140625
3 0.421875 0.18828125 0.00625 0.021875
3 0.43671875 0.13671875 0.0046875 0.0171875
3 0.2265625 0.484375 0.0359375 0.05078125
4 0.3421875 0.65234375 0.015625 0.071875
4 0.3703125 0.6234375 0.0140625 0.06796875
4 0.3578125 0.63203125 0.02109375 0.0625
4 0.31953125 0.696875 0.01875 0.07421875
3 0.75078125 0.54296875 0.053125 0.0890625
3 0.81171875 0.6359375 0.0484375 0.09453125
3 0.678125 0.49921875 0.0390625 0.07578125
3 0.81796875 0.790625 0.03828125 0.10390625